structure(c(0.000216573251733749, 0.000413864373542137, -2.31372034144198e-14, 
-4.23285679787637e-14, 6.61063168934867e-08, 1.50750786779291e-07, 
-1.54753790450459e-13, 1.21723222477757e-13, 3.28287731917672e-08, 
7.54895872438752e-08, 0.00145164895843349, -0.00659752883863235, 
0.00659750045732094, 0.00659752883880881, -0.00659751059817903, 
0.0065975288386407, 0.000413864373542034, 0.000813125849518105, 
-4.23285679813084e-14, -8.19571794197299e-14, 1.50750792927121e-07, 
4.13557803405248e-07, 8.16203826473572e-14, -6.49716578913638e-14, 
7.54896156122714e-08, 2.1527370924716e-07, 0.00100427469990107, 
-0.0132199523819821, 0.0132198745202646, 0.0132199523818537, 
-0.0132199003624719, 0.0132199523820284, -2.3657332631509e-14, 
-4.9526361019448e-14, 3.25391648906994e-13, 8.26942417968837e-14, 
-3.06816282081497e-12, 2.0348557630829e-12, -1.59425053772356e-14, 
1.27317028367594e-14, -1.78066665448192e-12, 1.19974887458957e-12, 
-1.18814505896673e-11, 1.01975159228952e-11, -1.17058866723723e-11, 
-1.2350565570208e-11, 1.20277598950523e-11, -1.00897347199117e-11, 
-4.54404471215801e-14, -8.76123851682248e-14, 2.21699635667529e-13, 
9.59458809276977e-14, 9.21374947902548e-13, -7.24671008653729e-13, 
-7.44629262359704e-14, 5.92653874119262e-14, 6.88365398847185e-13, 
-5.48245476722085e-13, -6.86368014073367e-12, 1.23503014353921e-11, 
-1.20458117380588e-11, -1.1966627386733e-11, 1.19850037162881e-11, 
-1.23841001435526e-11, 6.61062063554804e-08, 1.50750873645434e-07, 
-1.16753822271052e-12, 8.96336708379312e-13, 3.04433656640106, 
-2.23085589223091, -0.268193613221084, 0.208012884466223, 2.17679721601924, 
-1.62488027512941, 1.1194706571668, 1.11946805328613, 0.0121343673359255, 
0.390360240368947, -0.190131226512233, -1.11946805328636, 1.50750873831377e-07, 
4.13557745492328e-07, 8.96336708388143e-13, -7.12167300811177e-13, 
-2.23085589225108, 1.65317218989783, 0.20801288446816, -0.161455597805613, 
-1.62488027514422, 1.22682694473519, -0.852175488303218, -0.852180475528739, 
0.0579484923468827, -0.196179703642723, 0.0728897019709368, 0.852180475528923, 
-1.14411155407829e-13, 9.03124880451219e-14, 9.01180110579388e-14, 
-7.00760003107081e-14, -0.26819361322032, 0.208012884465632, 
0.081126616464644, -0.0631868872680501, -0.21914181487904, 0.170191614592543, 
-0.0838041079402481, -0.0838041079406943, 0.018964791979504, 
-0.00421056228672925, -0.00259503049267126, 0.0838041079407146, 
9.0303615379155e-14, -7.13855077734496e-14, -7.00760003112242e-14, 
5.45335386535188e-14, 0.208012884467257, -0.161455597804918, 
-0.0631868872685575, 0.0492267899732583, 0.170191614593872, -0.132271755112553, 
0.0651442937610969, 0.065144293761449, -0.0149569040214357, 0.00237592800836468, 
0.00225742562903959, -0.0651442937614654, 3.28286665324018e-08, 
7.54896616853515e-08, -8.64477529598382e-13, 6.82998132323805e-13, 
2.17679721601863, -1.62488027512898, -0.219141814879728, 0.170191614593077, 
1.60992464377434, -1.22307759165699, 0.818425944555165, 0.818424740360852, 
-0.0757684222695827, 0.159041955510408, -0.052431734126884, -0.81842474036102, 
7.54896680126616e-08, 2.15273693041505e-07, 6.82998132327969e-13, 
-5.58495471193713e-13, -1.62488027514264, 1.22682694473399, 0.170191614594343, 
-0.132271755112918, -1.22307759166716, 0.939872653352486, -0.641355831616624, 
-0.641358239165999, 0.109431636963617, -0.0459218918352181, -0.0134986943340273, 
0.641358239166104, 0.00145164895878077, 0.00100427470068681, 
-1.27430519954496e-11, -6.84772615470838e-12, 1.11947065719431, 
-0.852175488316645, -0.0838041079429233, 0.0651442937627154, 
0.818425944577436, -0.641355831628055, 1.86362271182529, 0.544409491226754, 
-0.120214522687942, -0.0313737692705908, 0.0556770198520291, 
-0.544409491226769, -0.00659752883907594, -0.0132199523822486, 
1.14058443999999e-11, 1.23765754202282e-11, 1.11946805328512, 
-0.852180475521088, -0.0838041079409488, 0.0651442937611401, 
0.818424740360592, -0.641358239160577, 0.544409491236637, 1.99999999998281, 
-1.57580409250607, -1.4869642780377, 1.51126694684806, -1.99999999998591, 
0.00659750045782513, 0.0132198745207157, -1.18894123106982e-11, 
-1.20900143057803e-11, 0.0121343673364932, 0.0579484923476321, 
0.0189647919798153, -0.0149569040215658, -0.0757684222705818, 
0.109431636964562, -0.120214522706694, -1.57580409252978, 1.67912139807035, 
1.75203873305678, -1.67937098322406, 1.5758040925328, 0.00659752883923933, 
0.0132199523821664, -1.19737482740295e-11, -1.20466918673301e-11, 
0.390360240371967, -0.196179703642187, -0.00421056228683298, 
0.00237592800843051, 0.159041955512281, -0.0459218918356961, 
-0.0313737692868456, -1.4869642780407, 1.75203873303539, 1.93646871439978, 
-1.77409323781942, 1.486964278044, -0.00659751059856829, -0.0132199003627519, 
1.19568291619378e-11, 1.20385600952868e-11, -0.190131226512903, 
0.07288970196983, -0.0025950304928479, 0.00225742562917674, -0.052431734126853, 
-0.0134986943342815, 0.0556770198587457, 1.51126694685116, -1.6793709832019, 
-1.77409323781789, 1.6900478545241, -1.51126694685397, 0.00659752883912107, 
0.0132199523823412, -1.14605672084874e-11, -1.23996068410026e-11, 
-1.11946805329337, 0.852180475527418, 0.0838041079415568, -0.0651442937616055, 
-0.818424740366654, 0.641358239165427, -0.544409491238973, -1.99999999999901, 
1.57580409251964, 1.48696427805092, -1.51126694686166, 2.00000000000273
), dim = c(16L, 16L))
